## Obtained from Figure 2 of https://arxiv.org/pdf/astro-ph/0202045
# THE UNIQUE HISTORY OF THE GLOBULAR CLUSTER ω CENTAURI
# central escape velocity obtained from 
# To compute the escape velocities of Galactic globular clusters, we use the photometric data from the catalog by Harris (1996)
v_esc_kms
11.922141119221411
13.11435523114356
13.454987834549886
13.62530413625304
13.795620437956211
15.669099756690994
16.020181212962544
16.350364963503644
16.610234675457175
16.86131386861314
16.86131386861314
16.86131386861314
18.05352798053527
18.3941605839416
18.63941605839417
19.981413895647467
20.097323600973244
21.289537712895374
21.80048661800487
22.141119221411195
22.65206812652068
24.69586374695863
24.719965110407195
25.632603406326037
27.420924574209252
27.591240875912405
27.591240875912405
27.668533012829897
27.761557177615575
28.235166043425494
28.613138686131382
29.12408759124088
30.145985401459857
31.167266123629197
31.508515815085158
33.21167883211679
33.21167883211679
33.892944038929436
34.06326034063261
34.06326034063261
34.346107055961085
36.29327728705728
36.618004866180044
37.29927007299269
37.469586374695865
38.15085158150852
38.15085158150852
38.202053141937014
39.00243309002434
40.19464720194647
41.08669642677606
42.06812652068127
42.408759124087595
45.30413625304137
45.47445255474452
47.51824817518248
47.91027800572999
48.02919708029197
48.19951338199513
50.518248175182485
51.350364963503644
52.45742092457421
58.41849148418491
58.673965936739656
58.91970802919708
61.99513381995134
63.69829683698297
68.80778588807786
72.89537712895378
82.9440389294404
84.64720194647202
85.32846715328466
93.67396593673965
97.93187347931874
102.18978102189782
105.89550518632348
105.98481280904169
106.00973236009733
106.22381919883614
106.2747110705596
106.39971214146192
106.5466561451963
106.78275527567068
107.10390725633319
111.86818999259495
111.88969991889701
111.89125959198952
111.94571167883211
112.34817681542808
112.45417680454176
112.8023055299648
112.89537712895377
112.9161597729116
112.9467676285331
113.10264035324863
113.12810747910716
113.74381916647046
113.90289758902898
113.91240875912408
119.44657511649964
119.50747643682233
119.58563739585638
119.70308698296837
119.87023519870235
120.02686536901865
120.2340400880547
120.52119349468563
124.330900243309
